19910824
19910829
19920824
19920829
19930824
19930829
19940824
19940829
19950824
19950829
19960824
19960829
19970824
19970829
19980824
19980829
19990824
19990829
20000824
20000829
20010824
20010829
20020824
20020829
20030824
20030829
20040824
20040829
20050824
20050829
20060824
20060829
20070824
20070829
20080824
20080829
20090824
20090829
20100824
20100829
20110824
20110829
20120824
20120829
20130824
20130829
20140824
20140829
20150824
20150829
20160824
20160829
20170824
20170829
20180824
20180829
20190824
20190829
20200824
20200829
20210824
20210829
20220824
20220829
20230824
20230829
20240824
20240829
